[[-43.255825, -40.980403, -43.572253],
[-42.358175, -130.525079, -50.233123],
[-43.752570, -105.195404, -48.487826],
[-45.282992, -122.045798, -41.559057],
[-40.367661, -39.999486, -41.101686],
[-40.764767, -94.510144, -46.019877],
[-41.222119, -47.327025, -49.047135],
[-41.883572, -39.442720, -40.015689],
[-40.284842, -51.410733, -40.000000],
[-62.388137, -118.564152, -40.000000],
[-40.000000, -45.724550, -42.925082],
[-39.999992, -113.698407, -43.624936],
[-34.375889, -31.340813, -36.057435],
[-54.775572, -114.080527, -34.844468],
[-36.448835, -40.222414, -33.958028],
[-35.900457, -35.870902, -32.793729],
[-30.356421, -118.065003, -38.762928],
[-30.770573, -127.155296, -45.984516],
[-31.943245, -42.712579, -37.973614],
[-32.758114, -28.311615, -31.061388],
[-27.682621, -24.848872, -29.959395],
[-26.749471, -31.990637, -28.941635],
[-27.643942, -34.132160, -30.768328],
[-28.494313, -28.776835, -26.541948],
[-23.871502, -127.645112, -25.780318],
[-24.573692, -115.354101, -37.560149],
[-25.364349, -29.040049, -34.261329],
[-26.169221, -22.432520, -24.647222],
[-21.714486, -25.037613, -29.103795],
[-39.623408, -25.123877, -26.194035],
[-40.601420, -34.315398, -21.742969],
[-23.020550, -20.925642, -22.403978],
[-21.209481, -77.752406, -19.696963],
[-24.083703, -128.697772, -42.467049],
[-19.916010, -40.570587, -20.788854],
[-31.775423, -25.247741, -42.342644],
[-5.219782, -112.976377, -39.768635],
[-15.019552, -21.121323, -16.885378],
[-82.392354, -100.347897, -16.196837],
[-36.790769, -5.727425, -32.663771],
[-14.109695, -75.437309, -61.603098],
[-20.532230, -30.458832, -37.688665],
[-17.911499, -120.947251, -26.984477],
[-15.508214, 12.041927, -55.991022],
[26.910905, -57.794695, -5.279073],
[-14.787572, 23.751722, 28.768570],
[21.952386, 51.714570, 15.472028],
[32.272024, -100.948921, -33.413288],
[-2.415277, -10.727434, -5.411984],
[-4.461847, -86.856031, -19.302841],
[-2.475617, 98.495915, -31.641232],
[33.607402, -126.759832, -63.312286],
[184.341360, 2.698313, 63.354064],
[123.128647, -45.875674, -0.592008],
[80.208216, 126.079299, 175.305609],
[141.550123, 265.000444, 163.224562],
[-34.285754, -66.223596, -35.698598],
[-53.793684, -34.030901, -41.479055],
[-34.841897, -115.371955, -33.849046],
[-33.800781, -128.284897, -42.495242],
[-42.152116, -41.884669, -27.048086],
[-35.760342, -27.422898, -38.239188],
[-27.624054, -106.235999, -29.337874],
[-48.718355, -128.516998, -26.945562],
[-59.881377, -30.882986, -21.572992],
[-42.316621, -23.587459, -37.359224],
[-21.106174, -121.568370, -20.718970],
[-37.653270, -127.888299, -20.700863],
[-39.947647, -126.838990, -39.976940],
[-39.935002, -47.671922, -39.931205],
[-39.931428, -123.984304, -39.936565],
[-39.940337, -34.243386, -39.941260],
[-44.575448, -124.165649, -23.822606],
[-25.909712, -38.503660, -44.461131],
[-32.262486, -121.038001, -23.333331],
[-23.333330, -28.123204, -24.503420],
[-15.843380, -126.628679, -19.020918],
[-39.600683, -46.004180, -26.408989],
[-19.722068, -116.427429, -17.064490],
[-27.720963, -21.891861, -16.189428],
[-12.923949, -123.333278, -39.332982],
[-17.680134, -27.626757, -14.760782],
[-24.840385, -122.947160, -9.473968],
[-13.334978, 8.588039, -16.048261],
[-2.616467, -10.517609, 1.567094],
[5.479658, -11.857989, -9.999337],
[-9.758564, -106.102717, -0.396574],
[-5.813494, -126.963009, 28.131700],
[26.494528, 118.912221, 1.814682],
[37.547902, -124.219069, -6.422256],
[-6.247355, -90.677145, 7.347826],
[-55.461712, -97.631707, 64.784276],
[180.322251, 123.877760, 87.471657],
[124.651537, -71.059415, 60.395898],
[26.885619, -44.665717, 172.305601],
[126.852834, 269.495234, 124.420548]]