[[-67.950729, -33.801677, -89.058846],
[-88.614697, -138.733156, -110.064665],
[-107.399885, -157.973244, -72.193809],
[-104.580840, -157.644957, -53.821735],
[-19.222699, -83.537030, -70.205782],
[-51.485491, -137.319104, -92.672773],
[-76.533329, -91.219679, -35.669602],
[-36.925511, 0.005650, -46.151412],
[-86.450279, -72.688471, -94.855554],
[-84.709888, -116.079914, -84.342448],
[-85.615631, -85.718827, -85.428830],
[-86.333352, -133.191949, -86.635303],
[-65.130104, -63.954567, -65.023317],
[-66.186542, -126.690655, -66.233940],
[-65.481568, -66.150068, -65.300365],
[-65.821466, -66.388580, -65.808422],
[-57.440032, -130.666520, -59.416439],
[-59.319149, -131.555648, -59.264968],
[-57.983936, -60.459999, -57.820316],
[-56.670739, -51.421057, -56.099544],
[-52.933703, -38.117776, -53.516092],
[-50.644433, -52.279218, -51.605240],
[-52.441803, -53.458611, -52.188610],
[-52.903680, -52.068468, -45.801215],
[-30.808832, -135.711062, -40.097807],
[-39.363596, -126.827019, -39.327000],
[-36.001081, -45.740370, -36.578663],
[-35.040459, -19.569152, -34.907988],
[-30.358932, 6.833316, -30.032864],
[-39.623408, -32.531231, -31.395837],
[-40.601420, -34.170023, -31.741963],
[-30.958822, -31.535546, -5.850878],
[22.312347, -110.646576, -24.888206],
[-24.882308, -131.776976, -42.467049],
[-21.645820, -40.570587, -21.097086],
[-16.646684, 34.196239, -36.719349],
[16.561907, -102.925454, -37.641443],
[-14.950004, -21.776724, -16.226719],
[-82.392354, -100.347897, -1.574287],
[-36.790769, 56.710313, -23.054453],
[18.106793, -75.437309, -61.603098],
[-12.052942, -29.258449, -37.688665],
[-12.493474, -120.947251, -26.984477],
[-16.308141, 64.264587, -47.030906],
[34.595508, -57.794695, -5.279073],
[-2.541963, 23.751722, 47.228350],
[21.952386, 130.097538, 40.830163],
[97.376839, -115.025196, -13.934200],
[43.060344, -10.727434, -4.089541],
[37.662219, -86.856031, -19.302841],
[15.098803, 115.949934, -31.641232],
[94.321834, -131.616094, -53.078884],
[222.912919, 13.734729, 109.815733],
[181.123378, -45.875674, -0.592008],
[93.018172, 146.068148, 224.995014],
[186.284882, 255.810920, 187.351180],
[-68.377454, -70.038681, -68.066054],
[-66.181284, -64.668102, -66.016035],
[-68.408722, -126.122509, -71.377641],
[-68.705250, -138.399238, -68.788263],
[-50.093955, -25.958340, -49.987729],
[-49.789092, -50.075124, -58.508119],
[-49.100372, -106.438107, -49.378516],
[-50.163319, -136.291309, -50.583382],
[-56.783305, -3.899699, -29.015592],
[-42.316621, -29.952340, -37.359224],
[-21.106174, -121.568370, -20.718970],
[-37.653270, -132.448418, -19.384108],
[-60.565173, -150.079469, -87.694557],
[-43.769128, -97.256641, -90.324652],
[-82.526278, -148.967893, -23.116926],
[-53.046308, 10.325103, -77.466953],
[-49.114590, -151.579644, -73.901492],
[-63.219292, -72.067236, -31.131073],
[-64.812966, -144.064101, 0.115980],
[-26.842497, 19.795183, -54.019019],
[-11.102278, -128.185829, -46.867004],
[-11.864504, -92.418384, -62.839993],
[7.030735, -133.956800, -29.972074],
[-15.591965, 36.141494, -22.217558],
[28.202924, -119.613122, -19.253855],
[1.314796, -31.483088, -19.494138],
[11.280519, -121.558365, -7.559555],
[0.975108, 77.523476, -2.414641],
[52.053938, 117.157400, 58.752803],
[68.225387, 2.871612, 23.656899],
[48.887381, -126.788219, 22.810998],
[34.304945, -134.602004, 101.086038],
[95.324035, 151.656782, 87.738722],
[89.820429, -124.113698, 57.318429],
[62.023326, -12.217660, 102.991287],
[85.670722, -66.657497, 138.077958],
[216.078898, 196.489949, 164.031983],
[185.545854, -88.927133, 150.168457],
[123.912582, 69.091384, 211.783162],
[214.430078, 249.763249, 196.318823]]