-46.046329 -44.003194 -46.340063
-46.497458 -57.163768 -52.045180
-47.038742 -52.755302 -57.634671
-46.721984 -47.648434 -46.077139
-47.016285 -42.275663 -46.570705
-42.920930 -57.912271 -54.618966
-43.233590 -53.711324 -53.526127
-43.447756 -47.473175 -46.133870
-55.631828 -40.965104 -58.283307
-40.201720 -51.171320 -54.778088
-40.102394 -40.734080 -42.857151
-40.053003 -42.204232 -41.079223
-55.666572 -33.283115 -55.712752
-36.825916 -37.303563 -43.018843
-55.699093 -54.075700 -56.114451
-44.638979 -42.723945 -36.807276
-31.701775 -42.018589 -33.541912
-47.485933 -59.470095 -35.371104
-33.518675 -43.312425 -43.710570
-32.372316 -27.755998 -37.487873
-32.733390 -45.796989 -50.878794
-31.198727 -48.453792 -38.222502
-31.034527 -57.888082 -36.642445
-44.883128 -55.081944 -37.325703
-32.614441 -29.297816 -26.795613
-37.728855 -50.497121 -26.303632
-41.564482 -44.757528 -25.661255
-30.786912 -25.774246 -34.780544
-24.591982 -28.287027 -45.253397
-24.833066 -31.924842 -45.206084
-33.619077 -25.549752 -41.038801
-23.781708 -13.717692 -23.413469
-42.151614 -46.030817 -39.737519
-23.151653 -44.070275 -43.847179
-21.634857 -33.163305 -33.356203
-37.775451 -38.787497 -20.564445
-28.992243 -22.099500 -14.972057
-27.984339 -15.895451 -15.081926
-12.513376 -13.003535 -12.758934
-26.341654 -13.260017 -13.905654
-32.862290 -30.096454 -30.274279
-4.865816 -5.139212 -4.752718
-5.371368 -22.459000 -5.908291
-11.003434 -23.323397 -34.829070
0.000000 -24.951283 0.000000
0.000000 0.000000 0.000000
-0.600000 0.000000 0.000000
-0.600000 -0.600000 -0.600000
0.000000 0.000000 0.000000
0.000000 0.000000 0.000000
0.000000 0.000000 0.000000
0.000000 0.000000 0.000000
0.000000 0.000000 0.000000
0.000000 0.000000 0.000000
0.000000 0.000000 0.000000
0.000000 0.000000 0.000000
-40.067929 -41.621541 -34.396010
-43.513931 -36.162389 -38.588349
-56.001961 -54.329226 -34.067015
-34.040038 -38.143807 -49.372141
-47.915385 -44.179922 -29.393645
-44.717836 -48.462545 -50.027537
-28.715933 -41.029535 -35.238392
-38.016389 -37.104863 -28.265850
-19.193369 -46.697354 -40.385305
-19.561177 -31.446250 -32.904435
-19.401104 -26.905294 -25.978574
-19.636877 -22.392702 -28.033714
-42.202953 -63.466390 -58.312901
-40.562501 -50.887076 -43.721181
-40.154922 -50.993272 -52.300593
-41.819011 -53.559226 -52.857010
-24.797223 -47.233779 -39.893145
-45.848313 -57.539938 -45.875785
-28.120998 -48.246059 -35.378638
-24.508848 -30.324281 -38.570498
-40.395113 -51.656346 -41.389270
-36.088721 -54.808445 -19.527877
-17.859639 -66.555145 -21.102223
-17.608127 -38.433937 -26.158594
-27.108214 -35.250923 -14.639800
-29.574837 -19.046850 -17.517207
-52.743472 -54.368659 -22.613455
-18.247645 -17.047254 -19.595356
-4.834905 -27.670078 -4.863970
-4.048494 -4.242614 -4.204136
-2.660960 -3.822014 -26.272620
-26.371454 -46.304993 -31.186635
0.000000 0.000000 0.000000
0.000000 0.000000 0.000000
0.000000 0.000000 0.000000
0.000000 0.000000 0.000000
0.000000 0.000000 0.000000
0.000000 0.000000 0.000000
0.000000 0.000000 0.000000
0.000000 0.000000 0.000000
